3, 7, 11, 9
8, 3, 11, 13, 16, 15, 14
3, 12, 16, 6, 11, 5, 4
16, 14, 11, 13, 7, 6
12, 14, 7, 13, 8, 4, 15
12, 11, 15, 16, 13
11, 3, 4, 14
18, 13, 12, 16, 7, 14
4, 18, 15, 11, 17, 8, 9
16, 14, 8, 6, 17, 18
18, 12, 11, 3, 14, 5, 13, 9
7, 12, 5, 11, 9
13, 11, 14, 8
11, 13, 12, 14, 18, 8, 5, 15
12, 11, 16, 5, 13, 6
12, 13, 5, 7, 15, 8
11, 18, 16, 3, 7, 17
12, 13, 4, 5, 11, 3, 18, 14
16, 15, 3, 7, 5, 4, 17
16, 13, 3, 11, 17, 18
12, 11, 15, 17, 13
16, 15, 8, 18, 7, 4, 5
12, 11, 16, 15, 3, 17, 8, 14
11, 14, 13, 16, 15, 8, 5, 3
12, 11, 18, 13, 14, 9
16, 18, 17
16, 15, 12, 13, 14, 7, 5
17, 11, 5, 13, 6
16, 6, 15, 7
15, 16, 11, 3, 9, 17
11, 5, 7, 16
17, 6, 5, 12
14, 13, 11, 5, 18, 6
12, 16, 4, 14, 11, 15, 17
14, 13, 16, 8, 12, 6, 10, 4
14, 11, 3, 15, 4, 12, 13, 18, 17
12, 4, 15, 5, 3, 6
14, 13, 11, 15, 8, 10, 9, 16
15, 11, 4, 12, 14, 3, 8
11, 12, 16, 13, 4, 14
15, 16, 18, 7, 4, 13, 17
12, 6, 8
12, 14, 8, 15, 13, 6, 3
16, 7, 15, 3, 8
13, 4, 14, 6, 17, 15
4, 15, 17, 14, 12
16, 14, 12, 15, 8, 3, 18
11, 4, 5, 17, 13, 16
11, 12, 15, 6, 18, 4
3, 12, 18, 6, 5
16, 3, 8, 13, 5
14, 12, 11, 7, 15, 8, 16, 17
13, 12, 16, 11, 14, 7
15, 12, 11, 3, 8, 13, 16
3, 16, 5, 14, 4, 7
3, 12, 6
12, 3, 10
13, 11, 14, 18, 16, 12
12, 11, 5, 14, 6, 16, 3
11, 3, 4, 6, 17
12, 8, 11, 14, 15, 17
13, 11, 15, 4, 16, 14
16, 15, 11, 7, 13, 14, 4
8, 16, 15, 14, 13, 7, 3
15, 16, 7, 14, 13, 6
16, 13, 14, 9, 3
4, 15, 16, 13, 17
11, 13, 17, 7, 4, 5, 14
14, 18, 3, 12, 13, 16
3, 11, 12, 15, 17, 4, 13, 14
11, 15, 18, 16, 4
14, 13, 12, 16, 10, 18, 15
15, 7, 4, 11, 8
12, 16, 13, 4, 11, 7, 5, 15
12, 8, 7, 15, 10
11, 16, 15, 6, 3, 8, 13
11, 12, 15, 13, 4, 18, 3
11, 15, 4, 7
12, 16, 14, 11, 4, 15
14, 13, 16, 12, 5, 3
6, 16, 14, 15
12, 8, 11, 4, 14, 16, 9
18, 7, 13
12, 11, 14, 13, 18
17, 11, 18, 16, 13, 10
16, 14, 11, 15, 6, 4
12, 11, 16, 15, 5, 4
15, 16, 11, 12, 14, 8, 13
12, 13, 11, 18, 10, 15, 14
14, 16, 12, 17, 8, 18, 15
7, 13, 15, 10, 16
15, 16, 8, 5, 6, 11, 4, 7
11, 13, 16, 15, 14, 3, 18
16, 15, 5, 6
13, 12, 14, 5, 3
16, 8, 3, 11, 13
13, 16, 17, 18
12, 5, 13, 14, 4
14, 7, 6, 4, 8
16, 11, 12, 4, 5, 3, 13, 6
6, 13, 14, 15, 11
18, 14, 17, 13, 15
11, 12, 16, 15, 6, 4
11, 13, 6, 8, 3
17, 18, 4, 3, 14
17, 14, 18, 13, 4, 7, 3
12, 16, 14, 13, 15, 8
16, 7, 8, 11, 15
3, 15, 11, 4, 6, 7
16, 14, 15, 4, 3
5, 12, 4, 18, 17
12, 11, 17, 4
3, 16, 14
8, 4, 12, 16, 5, 15
12, 18, 17, 13, 4, 8, 15, 16
13, 11, 15, 14, 17, 18, 8
8, 14, 16, 15, 17
11, 8, 12, 13, 6, 5, 15
13, 16, 3, 5, 4
11, 14, 18, 17, 16, 9
12, 11, 15, 7, 14, 5, 6
6, 14, 13, 8
14, 12, 16, 15, 3, 18, 7
11, 3, 15, 6
11, 7, 18, 8, 12, 3
13, 11, 6, 12, 5, 14
16, 3, 5, 6, 18, 14
12, 15, 13, 4, 18, 3, 7
12, 6, 3, 13, 4
11, 12, 6, 16, 15, 10
12, 14, 16, 15, 18, 17, 5
11, 12, 15, 13, 14, 5
11, 12, 6, 13, 16
14, 12, 7, 6, 15, 13, 11
11, 13, 12, 6
15, 4, 8, 11, 14
12, 11, 15, 5, 4
7, 8, 16, 15, 4
16, 3, 7, 8, 11, 15, 17
12, 11, 16, 17, 13, 4
11, 12, 13, 4, 14, 8
12, 5, 11, 14, 4, 18, 17