2, 1, 4
2, 1, 5
2
2, 5
2, 5, 1
2, 1, 5
2, 1
2, 1, 5
2, 5
2, 1, 5
2, 1, 5
1, 5, 7
2, 5
2, 1, 5
2, 4, 5
2, 1
1, 4, 7
2, 1, 5
2
2, 1, 5
2, 5
2, 1
2, 1
2, 1, 5
2, 1
1, 5
2, 1, 7
2, 1, 5
2, 1, 5
2, 1
2, 5
2, 1, 5
2
2, 1, 5
2, 1
1, 7
2, 1, 5
2, 1
2, 1
2, 5
2, 1
1, 7, 3
2, 1, 5
2, 1, 5
2, 1, 5
2, 1
2, 5
2, 5
2, 1, 5
2, 1, 5
5, 1, 3
1, 5, 6
1, 5, 6, 7
1, 5
2, 1
2, 1
2, 5
2, 1, 5
2, 1, 5
2
2, 1, 5
2, 5
2, 1
2, 5
2, 1, 5
2, 1, 5
2, 1, 5
1, 5, 4
2, 1
2
2, 1, 5
2
2, 1
2
2, 1
2, 1, 5
2, 1
2, 5
2, 1
2, 1, 5
2, 1, 5
2, 5
2, 1
2, 1, 5
2, 1, 5
2, 5
2, 1
2, 5
1, 4
1, 7
2, 1, 5
1, 6, 7
2, 5
2, 5
2, 1, 5
2, 1
1, 4, 7
2, 5
2
2, 5
2, 1, 5
1, 5
2, 1, 5
2, 1
2, 1, 5
2, 1, 5
2, 1
1, 6, 7
2, 1
2, 1, 5
1, 5, 7
2, 5
2, 1, 5
2, 1, 5
1, 6, 5
2, 5
2, 1, 5
2, 1
2, 1, 5
5, 3
2, 1
2, 1, 5
1, 4, 7
2, 5
2, 1
1, 7
2, 1
2, 5
2, 1, 5
2, 5
2, 1, 5
2, 1, 5
1, 5, 7
2, 5
2, 1, 5
1, 5, 6
2
2, 1, 5
2, 5
2, 5
2, 1, 5
2, 1
2, 5
2, 5
2, 5
2, 1
2, 1, 5
2, 5
2, 1, 5
2, 1
2, 1, 5
2, 5
2, 5
2, 5
2, 1, 4
2, 1
2, 1, 5
2, 1, 5
2, 5
2, 5
1, 4
1
2
2, 5
1, 5, 7
2, 3
2, 1
1, 5
2, 1, 5
2
2, 1, 5
6, 5, 3, 1
2, 1, 5
2, 1, 5
2, 1
2, 1, 5
1, 5
1, 6, 7
2