5, 4, 8, 3
2, 5, 4, 8
4, 0, 8, 7, 3
5, 2, 4, 8, 0
5, 4, 0, 8
5, 2, 0
2, 5, 0, 4, 8
4, 2, 8, 3
5, 4, 0, 8, 7
5, 4, 0, 8
4, 2, 8, 3
4, 0, 8, 7
5, 4, 8, 3, 1
5, 4
5, 4, 8, 1
5, 4, 8, 0
5, 4, 8
2, 4, 3, 8, 0
2, 5, 4, 0
5, 4, 8
5, 0, 8, 1
5, 4, 7, 8, 3
0, 8, 3, 5
5, 4, 8, 3
5, 2, 4
5, 2
0, 4, 8
4, 0, 7, 8, 3
4, 3, 1, 5
5, 4, 0, 8
5, 4, 8, 1
5, 4, 8, 3, 1
4, 8, 3, 2, 5
5, 4, 0, 8
4, 0, 8, 3
2, 4, 3, 0, 8
0, 4, 8, 3, 5
2, 5, 4, 8
2, 4, 8, 7
5, 4, 8, 3
5, 4, 2, 8, 1
5, 4, 3
5, 4, 8, 3
2, 8
5, 3, 2, 8
5, 0, 3, 1
5, 0, 1
0, 4, 5, 2
5, 2, 8
5, 0, 1
5, 4, 8
5, 4, 8, 3
5, 4, 8, 3, 1
4, 0, 3, 1
5, 2, 1
4, 2, 3
5, 0, 8
5, 4, 3, 1