1, 0
1, 0, 7
5, 7, 0
1, 0, 2
1, 5
0, 2, 6
5, 1, 0
5, 7, 1, 0
5, 7, 0
1, 5
0, 5, 1
0, 5, 7
1, 0
7, 1, 0
1, 5, 7
1
5, 2
7, 0
1, 0
1, 7
0
7, 0
5, 7, 0
1, 5, 7
2, 0, 4
1, 0, 5
1
1, 0
7, 0
1
1, 7
1, 7, 5
5, 7, 0
1, 0, 2
5, 7, 0
7, 0, 2
7, 5, 1
1
0, 5, 7
1
1, 7, 0
0, 2, 4
0
7, 0
1
1, 0
1, 0
5, 7, 0
0, 7, 4
1, 0
5, 7, 1
1, 2
5, 1, 7
5, 1
1, 2
1, 5
1, 0
0
1, 5
5, 7, 1
1, 6
7, 0
5, 7
1, 5
0, 7, 1
1, 0
1, 5, 0
1, 5, 0
5
1, 0
1, 0
1, 0
7, 1, 0
1, 5
1, 5
7, 0
7, 1, 0
1, 5, 7
1, 7
1, 0, 7
1
1, 7, 5
5, 1, 7
1, 5, 7
1, 0
1
7, 5, 1
1, 0
1, 5
7, 0
5, 7, 1, 0
5, 2
0
1, 0
5, 7, 1
1, 5, 0
1, 5
1, 5
1, 0
1, 0
5, 1
1, 7, 0
1, 0
7, 1, 0
1, 5
1, 0
0, 2, 6
0, 7
5, 1
1, 0, 7
1, 0, 7
7, 0
7, 1, 0
5, 7, 0
5, 7
1, 3, 4
1, 7, 0
5, 1, 7
5, 1, 7
5, 7, 0
7, 1, 0
1, 5
5, 1, 0
7, 5
0, 2, 6
7, 0
0
1, 0
1, 0
1, 0
0, 5, 1
1, 7, 0
1, 0, 4
7, 0
1, 0
5, 7
1, 7, 5
1, 5, 7
1, 0, 2
5, 1, 7
0, 3
1, 5, 0
5, 7, 1, 0
5, 1, 0
7, 0
1, 0, 2
0, 5, 1
1, 5
1
0
0, 2
1, 5
5, 1
5