10, 9, 3
13, 17, 23, 6, 27
28, 3, 13, 21, 12
3, 13, 7, 23
25, 9, 17, 20, 6
17, 9, 32
25, 9, 17, 20, 4
25, 28, 3
25, 9, 27, 4, 7, 10
25, 13, 28, 9, 7, 4, 27
17, 9, 28, 14, 20
3, 28, 21, 4, 13
13, 27, 21, 7
3, 21, 13, 7
25, 17, 4, 32, 6
25, 9, 28, 17, 20
3, 13, 25, 7, 27
3, 13, 21, 9, 20
3, 13, 16, 27, 21
3, 27, 13, 21, 7
3, 25, 20, 13, 28, 32, 17
9, 17, 28, 25, 32
3, 20, 6, 21
3, 21, 27, 13, 23, 16
3, 14, 13, 21, 10, 27
3, 25, 13, 7, 27
3, 21, 25, 13, 28, 27
3, 13, 7, 25, 4, 27
3, 20, 32, 21, 14, 7
25, 9, 17, 4
9, 17, 20, 4, 6
3, 13, 21, 7
13, 25, 7, 27, 17
20, 32, 3, 7, 13
3, 13, 32, 27, 7, 17
3, 4, 13, 21
3, 7, 27, 23, 13, 21
3, 32, 13, 14, 21
28, 13, 21, 22, 26
9, 28, 4, 3, 27
3, 25, 13, 7, 27
3, 25, 27, 7
3, 13, 25, 21, 27, 7
9, 17, 28, 20, 4, 14
3, 13, 27, 21, 7
3, 32, 14, 21, 23, 13
3, 27, 21, 1
3, 21, 14, 10, 7, 27
32, 3, 20, 13, 7
3, 13, 21
3, 27, 13, 21, 14, 7
9, 17, 28, 20, 6
9, 17, 4, 20
32, 14, 21, 2
3, 28, 13, 25
25, 9, 17, 3, 6
32, 14, 13, 21, 10, 27
25, 16, 18
3, 7, 4, 6
9, 17, 20, 4
4, 3, 32, 20, 21, 14
9, 17, 20, 6
3, 25, 13, 7, 20, 9
25, 17, 9, 20, 32
3, 13, 21, 27
21, 27, 10, 19
32, 7, 13, 14, 23, 27
14, 10, 26, 2, 9
3, 21, 17, 25, 9
21, 3, 13, 27, 23
9, 17, 20, 28, 27