2, 5, 6, 3
1, 2, 8, 7, 0, 5
8, 5, 6, 4, 3
2, 5, 6, 4, 3
8, 2, 7, 5, 6
2, 8, 7, 6, 5
2, 1, 8, 7, 0
1, 2, 0, 6, 5
2, 1, 0, 5, 6
2, 1, 0, 5
8, 1, 7
1, 2, 8, 7, 0, 5
2, 5, 6, 3, 4
2, 1, 8, 7
2, 7, 5, 3
1, 2, 8, 7, 5
2, 1, 8, 7, 5, 6
2, 1, 7, 5, 6
2, 7, 5, 6
8, 2, 7, 6, 4
1, 2, 0, 6, 5
2, 1, 8, 7, 0
8, 7, 5
1, 2, 8, 7, 0
2, 1, 0, 5
1, 2, 8, 7, 5
2, 1, 7, 0, 6
1, 2, 5
2, 1, 0, 4
2, 8, 6, 5
1, 8, 7, 6
1, 2, 8, 7, 0
1, 2, 7, 0
8, 7, 6, 5, 3
2, 1, 8, 7, 6, 5
2, 1, 8, 7, 0
2, 1, 0, 6
1, 8, 7, 5
1, 8, 2, 6
2, 1, 7, 0
1, 8, 7
2, 1, 7, 0, 6
8, 1, 2, 7, 6
2, 1, 8, 0
8, 1, 7, 5
1, 2, 8, 5, 6
2, 1, 7, 6
1, 2, 7, 0, 5, 6
8, 6, 5, 4
1, 2, 7, 5, 6
2, 1, 4, 3
2, 1, 7, 0, 6
2, 1, 7, 4
2, 1, 0, 5, 6
2, 1, 5, 4
1, 2, 8, 7, 0
2, 1, 8, 0
2, 1, 0, 6, 5
8, 7, 5, 6
1, 8, 7, 5, 6
1, 2, 8, 7, 5
8, 1, 7, 6
2, 8, 5, 6, 3
1, 8, 7, 6
2, 1, 0, 5
7, 6, 5, 3, 4
1, 8, 7, 6
2, 1, 7, 6, 5
1, 2, 8, 0, 7
8, 7, 5, 6, 4
1, 8, 5, 6
1, 2, 7, 5, 6
1, 8, 7, 6
2, 1, 8, 7, 6
8, 1, 2, 7
1, 5, 6
1, 2, 8, 7, 6
7, 6, 4, 3
2, 8, 6, 3, 4
1, 2, 8, 7, 0
1, 8, 2, 7, 6, 5
2, 1, 8, 7, 0, 5
8, 7, 5, 3, 4
8, 5, 6, 4
2, 1, 7, 0, 6
2, 1, 7, 0, 5
4, 3
2, 8, 7, 6, 3
1, 2, 8, 7
1, 5, 6, 4
2, 1, 8, 0, 6, 5
1, 5, 7, 6
8, 2, 7, 6
1, 7, 5, 6
2, 1, 8, 0
2, 8, 7, 5
7, 6, 5
5, 6
1, 8, 2, 7, 6, 5
2, 1, 7, 6, 5