8, 6, 7, 5, 3, 0
8, 5, 4, 3, 0, 2
6, 1, 3, 2, 0
5, 4, 6, 3, 7, 0
8, 6, 7, 0
5, 4, 3, 1, 2
8, 6, 5, 7, 1, 2
8, 6, 7, 4, 3, 0
8, 6, 7, 1, 3
5, 4, 3, 1, 0
1, 7, 2, 0
6, 5, 3, 7, 4, 0, 2
8, 6, 7, 1
6, 4, 5, 7, 3, 1, 0
5, 1, 2, 0
8, 7, 1, 6, 2, 0
8, 6, 7, 5, 4, 3, 2
6, 5, 3, 4, 7, 2
8, 5, 4, 3, 7, 0
8, 5, 7, 3, 1, 4, 0
8, 6, 5, 1, 7, 2
5, 1, 4, 0, 7, 2
8, 4, 6, 7, 3, 0
8, 6, 7, 3, 0, 1
5, 4, 3, 7
8, 6, 7, 0, 2
8, 6, 3, 7, 4, 2
8, 6, 1, 7, 2, 4, 0
8, 6, 7
8, 6, 5, 7, 4, 1, 2
5, 1, 7, 0, 3, 2
8, 1, 5, 4, 3, 0, 2, 7
8, 7, 3, 4, 1, 0, 2
5, 6, 4, 3, 1, 2
6, 5, 4, 3, 7, 2, 0
5, 7, 6, 4, 3, 2
8, 6, 1, 3, 2, 4, 0
5, 4, 1, 6, 3, 2
5, 4, 3
8, 6, 7, 4, 3, 0, 2, 1