3, 10, 2
3, 14, 8, 6
3, 10, 2, 14
3, 10, 2, 6
3, 2
3, 10, 2
3, 10, 14, 2
3, 10, 2
3, 6, 7
3, 2, 8
3, 10, 2, 14
3, 10, 14
3, 14, 8
3, 10, 2, 14
3, 14, 2, 8
3, 10, 14
3, 10, 2
3, 10, 2
3, 10, 2
3, 10, 2, 14
3, 10, 2, 14
3, 10, 2
3, 14, 6, 7
3, 2, 8
3, 2, 14, 8
3, 10, 2
3, 10, 2, 14
3, 10, 2, 6
3, 10, 2, 8
3, 10, 2
10, 3, 6, 7
3, 10, 14
3, 10
3, 10, 2
3, 10, 2, 14, 8
3, 2, 8, 14
3, 10, 8
3, 10, 2
3, 10, 2
3, 14, 2, 8
3, 10, 2, 8
3, 10
3, 10, 2
10, 6, 7, 9
3, 2, 14, 8
3, 2, 8, 14
3, 2, 8
3, 10, 2
3, 2, 14
3, 10, 2, 8
3, 2, 8
3, 10, 2, 14
3, 2, 8
3, 2, 8, 14
3, 10, 2, 14, 8
3, 8, 2
3, 10, 2
3, 2, 14, 8
3, 2, 14, 8
3, 2, 8
3, 14, 2, 8
3, 10, 14, 2
3, 10, 2, 14
3, 10, 2
3, 2, 14, 8
3, 2, 14, 8
3, 10, 2, 14
3, 10, 6
3, 10, 2, 8
3, 10, 2
3, 10, 2
3, 10, 14
3, 10, 2, 14
3, 10, 2, 8
3, 2, 8, 14
3, 10, 2
3, 10, 2
3, 2, 14, 8
3, 10, 2
3, 10, 6
3, 10, 2
3, 2, 8
3, 10, 2, 8
3, 2, 8, 14
10, 2, 8, 14, 6
3, 10, 2, 14
3, 2, 8, 6