0 1025 2049 3074 
0 1025 2049 3073 
0 1025 2049 3072 
1 1025 2049 3074 
0 1025 2049 3072 
0 1025 2049 3074 
0 1025 2049 3074 
1 1025 2049 3073 
0 1025 2049 3072 
1 1025 2049 3074 
0 1025 2049 3074 
1 1024 2048 3072 
1 1025 2049 3074 
1 1025 2049 3074 
0 1025 2049 3073 
0 1024 2048 3072 
1 1025 2049 3073 
0 1025 2049 3072 
1 1025 2049 3074 
1 1025 2049 3073 
0 1025 2049 3072 
0 1025 2049 3073 
1 1024 2048 3072 
0 1025 2049 3074 
0 1025 2049 3073 
0 1025 2049 3074 
1 1024 2048 3072 
0 1024 2048 3072 
0 1025 2049 3074 
0 1025 2049 3072 
0 1025 2049 3072 
0 1025 2049 3073 
0 1024 2048 3072 
0 1024 2048 3072 
0 1025 2049 3072 
0 1024 2048 3072 
0 1024 2048 3072 
0 1025 2049 3074 
0 1025 2049 3072 
0 1025 2049 3074 
0 1024 2048 3072 
0 1025 2049 3072 
0 1025 2049 3072 
0 1024 2048 3072 
0 1025 2049 3072 
0 1025 2049 3074 
0 1025 2049 3073 
0 1024 2048 3072 
0 1024 2048 3072 
0 1024 2048 3072 
0 1025 2049 3072 
1 1025 2049 3073 
1 1025 2049 3074 
0 1025 2049 3073 
1 1024 2048 3073 
1 1024 2048 3072 
0 1024 2048 3073 
0 1025 2049 3074 
0 1024 2048 3072 
0 1025 2049 3072 
0 1025 2049 3073 
0 1025 2049 3074 
1 1025 2049 3073 
0 1025 2049 3073 
1 1024 2048 3073 
1 1024 2048 3072 
0 1024 2048 3072 
1 1025 2049 3073 
0 1025 2049 3072 
1 1024 2048 3072 
1 1024 2048 3072 
0 1025 2049 3073 
0 1025 2049 3072 
1 1024 2048 3072 
0 1025 2049 3073 
0 1025 2049 3072 
0 1025 2049 3073 
0 1025 2049 3073 
0 1024 2048 3072 
1 1025 2049 3074 
0 1025 2049 3073 
1 1025 2049 3073 
0 1024 2048 3073 
0 1025 2049 3074 
0 1025 2049 3072 
0 1024 2048 3072 
1 1025 2049 3074 
0 1025 2049 3072 
0 1025 2049 3073 
0 1025 2049 3073 
1 1025 2049 3073 
0 1025 2049 3074 
0 1025 2049 3073 
0 1025 2049 3074 
1 1025 2049 3073 
1 1025 2049 3073 
0 1024 2048 3072 
1 1025 2049 3073 
0 1024 2048 3072 
0 1025 2049 3073 
0 1025 2049 3072 
1 1025 2049 3073 
0 1025 2049 3072 
1 1024 2048 3072 
0 1024 2048 3072 
0 1025 2049 3072 
1 1024 2048 3072 
0 1025 2049 3072 
1 1025 2049 3073 
0 1025 2049 3073 
0 1025 2049 3072 
0 1025 2049 3073 
1 1025 2049 3073 
0 1025 2049 3072 
0 1024 2048 3072 
0 1024 2048 3072 
1 1024 2048 3073 
0 1025 2049 3073 
0 1025 2049 3072 
0 1025 2049 3073 
1 1025 2049 3074 
0 1025 2049 3072 
1 1025 2049 3074 
0 1024 2048 3074 
0 1025 2049 3072 
0 1025 2049 3072 
0 1024 2048 3072 
1 1025 2049 3074 
0 1025 2049 3072 
0 1024 2048 3072 
0 1025 2049 3073 
0 1025 2049 3073 
0 1024 2048 3072 
0 1025 2049 3072 
1 1025 2049 3072 
0 1025 2049 3073 
1 1025 2049 3073 
1 1025 2049 3074 
1 1025 2049 3074 
1 1024 2048 3072 
1 1025 2049 3073 
1 1025 2049 3073 
0 1024 2048 3072 
0 1025 2049 3073 
0 1025 2049 3074 
0 1025 2049 3073 
0 1025 2049 3073 
1 1024 2048 3072 
1 1025 2049 3073 
0 1025 2049 3072 
0 1025 2049 3073 
0 1025 2049 3073 
0 1025 2049 3072 
0 1025 2049 3073 
0 1024 2048 3072 
0 1025 2049 3072 
0 1024 2048 3072 
0 1024 2048 3072 
1 1025 2049 3073 
1 1025 2049 3074 
0 1025 2049 3073 
0 1025 2049 3073 
0 1025 2049 3074 
0 1025 2049 3072 
0 1024 2048 3072 
0 1025 2049 3073 
0 1025 2049 3073 
0 1025 2049 3073 
1 1024 2048 3072 
0 1025 2049 3072 
0 1025 2049 3072 
0 1025 2049 3074 
1 1025 2049 3074 
1 1025 2049 3073 
1 1025 2049 3073 
0 1025 2049 3072 
1 1024 2048 3072 
1 1025 2049 3074 
0 1025 2049 3072 
0 1025 2049 3073 
0 1025 2049 3072 
0 1024 2048 3072 
0 1025 2049 3072 
0 1025 2049 3074 
0 1024 2048 3072 
0 1024 2048 3072 
1 1025 2049 3073 
0 1025 2049 3073 
0 1024 2048 3072 
1 1025 2049 3074 
0 1025 2049 3072 
0 1024 2048 3073 
0 1025 2049 3073 
0 1024 2048 3072 
0 1024 2048 3072 
