13.698759,23.989838
10.024726,15.891048
13.363092,22.625845
13.164158,22.010097
12.658342,21.113264
14.259934,21.266628
10.775037,23.298507
11.248037,21.029677
10.522142,18.922335
11.958421,23.779775
13.465222,27.787225
11.3232,23.185996
11.423059,22.154855
0.275638,-1.818961
12.985387,24.898962
14.629005,21.145952
10.236131,22.229745
12.336422,23.425928
15.244656,21.063846
14.160225,20.795848
14.56931,21.50115
3.317073,8.916252
13.639063,24.193639
13.316141,22.725655
12.284487,21.156859
3.742087,8.789735
19.732446,37.387558
12.951049,21.042875
12.985387,21.843877
16.213927,28.794428
13.164158,26.516362
11.608025,23.162829
15.634462,22.636161
15.426048,23.412032
12.665849,24.999673
13.639063,27.542086
4.731284,8.842478
4.508303,8.36409
13.648591,29.130796
12.555577,24.539993
15.473553,24.152978
14.548794,20.293338
14.284799,21.307339
2.828282,9.205919
4.807038,9.344836
18.293886,35.011238
14.391495,19.717644
12.256719,24.040112
14.872854,21.528904
4.061743,8.930873
15.238266,22.436876
15.67285,23.432229
14.127436,20.884246
10.829325,21.769439
11.088575,21.956055
4.521952,9.201419
13.316141,27.307328
13.688381,21.531534
19.261872,35.977828
3.82303,8.980116
12.928778,21.706462
13.648591,22.125712
13.947629,23.642394
13.927354,24.788432
16.530373,30.757712
16.07009,28.780248
16.482973,28.181769
11.238229,22.715286
13.826218,27.04733
11.246781,22.929268
15.309179,22.692552
5.271553,8.995455
16.482973,31.59373
12.147296,23.553356
16.497233,31.158046
14.930217,21.292539
4.638281,8.046073
10.069577,21.731523
16.07009,30.96132
10.838718,21.273115
15.370913,23.026565
13.947417,27.878509
11.506134,25.120047
2.102365,8.656503
11.782472,22.580868
16.018728,31.390399
13.947629,27.783162
14.460614,21.435734
15.116166,22.157454
12.532269,25.959432
14.343705,19.011643
10.831693,21.39231
14.359024,21.802112
4.274144,6.622935
15.779898,22.593708
12.951049,25.799662
15.367223,21.769179
11.320476,23.371354
13.688381,28.348544
8.37577,14.794136
13.947417,24.832349
16.243708,30.291042
11.184188,21.072572
16.018728,28.979975
16.497233,29.675704
12.372815,21.082242
13.465222,21.870448
13.826218,24.238297
16.347042,28.303
9.952663,15.27905
12.713545,24.348239
15.642707,23.157479
12.928778,26.100721
15.467971,23.116522
14.772774,20.935419
12.280013,24.616683
15.760707,23.101337
13.927354,27.894351
12.962829,28.471008
13.363092,26.239753
10.850117,21.657102
16.530373,31.05163
4.738205,9.443237
10.881423,24.012446
12.658342,27.010157
16.213927,31.059537
11.184188,22.458208
4.554272,9.238748
11.337929,22.923518
2.900312,8.7781
11.260477,21.853367
12.209243,24.705572
15.52423,22.77657
15.89062,23.561139
12.532735,25.129545
