5.606185,11.674463,0.0
5.606185,7.184402,0.0
1.958376,5.205219,0.0
1.958376,-1.625232,0.0
10.024726,19.09335,0.0
10.024726,15.891048,0.0
18.464637,38.125006,0.0
18.464637,33.020414,0.0
12.372815,24.340058,0.0
12.372815,21.082242,0.0
4.176532,7.749687,0.0
4.176532,5.272096,0.0
13.648591,29.130796,0.0
13.648591,22.125712,0.0
15.367223,21.769179,1.0
15.367223,17.521429,0.0
6.415211,12.433463,0.0
6.415211,10.846534,0.0
11.184188,22.458208,0.0
11.184188,21.072572,1.0
13.639063,27.542086,0.0
13.639063,24.193639,0.0
3.207063,10.706293,0.0
3.207063,5.846079,1.0
19.282019,39.345791,0.0
19.282019,35.153772,0.0
9.025039,16.45409,0.0
9.025039,12.242969,0.0
19.593288,38.861147,0.0
19.593288,33.118866,0.0
3.791477,11.209094,0.0
3.791477,7.651899,1.0
9.675471,17.056668,1.0
9.675471,13.228703,0.0
3.317073,8.916252,0.0
3.317073,7.088116,1.0
0.203616,0.353299,0.0
0.203616,-3.50079,0.0
4.757503,9.732867,0.0
4.757503,2.012341,0.0
8.063747,18.300726,0.0
8.063747,10.995914,0.0
8.622615,17.817646,0.0
8.622615,11.777454,0.0
17.730103,36.275221,0.0
17.730103,30.667757,0.0
12.713545,24.348239,0.0
12.713545,19.569875,0.0
8.688833,16.797769,0.0
8.688833,13.112082,0.0
19.759954,37.644192,0.0
19.759954,34.596462,0.0
12.284487,25.486463,0.0
12.284487,21.156859,0.0
6.453259,12.35958,0.0
6.453259,8.208023,0.0
13.826218,27.04733,0.0
13.826218,24.238297,0.0
9.913998,17.853263,0.0
9.913998,12.439137,0.0
17.623354,35.508198,0.0
17.623354,29.335198,0.0
17.930225,36.603939,0.0
17.930225,30.866335,0.0
7.347008,14.532011,0.0
7.347008,11.306028,0.0
11.246781,22.929268,0.0
11.246781,19.642301,0.0
5.315469,11.492205,0.0
5.315469,6.019098,0.0
12.532735,25.129545,0.0
12.532735,22.623649,0.0
19.846939,37.966619,0.0
19.846939,35.571871,0.0
16.65177,34.019582,0.0
16.65177,29.425893,0.0
7.328198,14.693028,0.0
7.328198,10.365823,0.0
1.907607,3.63034,0.0
1.907607,-0.740593,0.0
19.33364,37.852536,0.0
19.33364,34.929032,0.0
7.791696,16.573361,0.0
7.791696,12.156858,0.0
5.867618,9.953544,1.0
5.867618,7.527961,0.0
6.326708,12.609385,0.0
6.326708,5.96277,0.0
9.798467,18.48714,0.0
9.798467,15.752758,0.0
19.135028,37.813921,0.0
19.135028,33.312627,0.0
19.732446,37.561189,0.0
19.732446,37.387558,1.0
5.922535,11.452962,0.0
5.922535,8.861367,0.0
7.029374,12.951745,0.0
7.029374,7.382842,0.0
10.236131,22.229745,0.0
10.236131,16.467035,0.0
0.163746,-0.391714,0.0
0.163746,-3.421492,0.0
3.496731,10.773532,0.0
3.496731,7.785478,1.0
18.72118,38.017373,0.0
18.72118,34.034609,0.0
0.588705,1.347556,0.0
0.588705,-2.245123,0.0
2.019526,7.543274,0.0
2.019526,4.329754,1.0
8.41294,18.028567,0.0
8.41294,13.234885,0.0
14.629005,21.145952,1.0
14.629005,18.933136,0.0
5.377565,11.317946,0.0
5.377565,7.26971,0.0
6.119312,12.207966,0.0
6.119312,8.061671,0.0
6.10946,10.896069,0.0
6.10946,8.228615,0.0
17.452039,33.821085,0.0
17.452039,31.535793,0.0
4.521952,9.201419,0.0
4.521952,5.006408,0.0
11.248037,21.029677,0.0
11.248037,17.703341,0.0
19.998623,40.670798,0.0
19.998623,34.955848,0.0
14.56931,21.50115,1.0
14.56931,17.436985,0.0
6.727013,14.060562,0.0
6.727013,10.431483,0.0
15.309179,22.692552,1.0
15.309179,19.92459,0.0
19.078314,39.237145,0.0
19.078314,35.058036,0.0
7.470756,14.279094,0.0
7.470756,10.210064,0.0
14.160225,20.795848,1.0
14.160225,17.140208,0.0
1.516085,4.276452,0.0
1.516085,-1.971454,0.0
17.905937,35.841516,0.0
17.905937,31.686942,0.0
1.925134,4.541969,0.0
1.925134,-1.503021,0.0
7.458502,14.231403,0.0
7.458502,12.247512,0.0
10.850117,21.657102,0.0
10.850117,18.150858,0.0
5.271553,8.995455,0.0
5.271553,7.470577,0.0
12.985387,24.898962,0.0
12.985387,21.843877,0.0
11.088575,21.956055,0.0
11.088575,18.480993,0.0
14.343705,19.011643,1.0
14.343705,15.60836,0.0
7.082787,12.467436,0.0
7.082787,8.860538,0.0
10.920278,21.732033,0.0
10.920278,16.808411,0.0
16.243708,32.186646,0.0
16.243708,30.291042,1.0
16.213927,31.059537,0.0
16.213927,28.794428,0.0
14.284799,21.307339,1.0
14.284799,16.250958,0.0
10.838718,21.273115,0.0
10.838718,17.173873,0.0
13.465222,27.787225,0.0
13.465222,21.870448,0.0
1.737606,6.818922,0.0
1.737606,0.776044,0.0
9.426344,17.479139,0.0
9.426344,13.832863,0.0
17.20287,35.685345,0.0
17.20287,30.858336,0.0
12.147296,23.553356,0.0
12.147296,20.740417,0.0
18.833662,38.701437,0.0
18.833662,34.963997,1.0
5.24357,9.868917,0.0
5.24357,7.620721,0.0
1.926036,4.275835,0.0
1.926036,1.313849,0.0
12.532269,25.959432,0.0
12.532269,20.064124,0.0
1.818519,3.399562,0.0
1.818519,-1.001446,0.0
15.642707,23.157479,1.0
15.642707,20.48958,0.0
5.134848,11.289172,0.0
5.134848,7.362761,0.0
10.775037,23.298507,0.0
10.775037,18.643524,0.0
16.227541,33.442541,0.0
16.227541,28.590496,0.0
15.760707,23.101337,1.0
15.760707,19.777104,0.0
9.919501,17.505332,1.0
9.919501,13.51174,0.0
19.516928,38.176095,0.0
19.516928,34.995994,0.0
9.952663,17.133741,1.0
9.952663,15.27905,0.0
5.575828,12.615997,0.0
5.575828,7.459498,0.0
6.048625,13.18909,0.0
6.048625,8.340702,0.0
14.872854,21.528904,1.0
14.872854,18.152773,0.0
8.742141,18.904209,0.0
8.742141,11.821922,0.0
8.37577,17.378391,0.0
8.37577,14.794136,1.0
0.409732,3.040981,0.0
0.409732,-3.715735,0.0
6.105563,10.918731,0.0
6.105563,10.345665,0.0
17.207662,35.585645,0.0
17.207662,30.389541,0.0
16.07009,30.96132,0.0
16.07009,28.780248,0.0
14.930217,21.292539,1.0
14.930217,17.371316,0.0
0.462568,2.102436,0.0
0.462568,-1.460158,0.0
0.539806,1.305322,0.0
0.539806,-2.80829,0.0
6.229299,13.216206,0.0
6.229299,8.477525,0.0
9.489065,16.12976,1.0
9.489065,13.544419,0.0
18.194825,38.24917,0.0
18.194825,33.502977,0.0
7.692596,15.349236,0.0
7.692596,10.356792,0.0
5.7705,14.132513,0.0
5.7705,6.189212,0.0
11.423059,22.154855,0.0
11.423059,19.563291,0.0
18.293886,35.011238,0.0
18.293886,32.880877,0.0
14.772774,20.935419,1.0
14.772774,15.798282,0.0
17.133326,34.643347,0.0
17.133326,31.224669,0.0
3.643953,12.560724,0.0
3.643953,6.687744,1.0
2.513289,8.434815,0.0
2.513289,5.512364,1.0
10.881423,24.012446,0.0
10.881423,18.931382,0.0
13.947417,27.878509,0.0
13.947417,24.832349,0.0
19.099761,38.935276,0.0
19.099761,33.539548,0.0
7.430688,14.220522,0.0
7.430688,10.826292,0.0
6.931137,15.306617,0.0
6.931137,10.786494,0.0
10.317086,19.475161,0.0
10.317086,17.869237,0.0
13.698759,28.083828,0.0
13.698759,23.989838,0.0
11.320476,23.371354,0.0
11.320476,20.178446,0.0
14.460614,21.435734,1.0
14.460614,17.854524,0.0
7.606299,16.908419,0.0
7.606299,11.740899,0.0
17.243953,33.811575,0.0
17.243953,29.7709,0.0
3.659512,14.731779,0.0
3.659512,7.614317,1.0
6.318093,12.241441,0.0
6.318093,9.392697,0.0
15.473553,24.152978,1.0
15.473553,20.003783,0.0
6.713445,13.734693,0.0
6.713445,9.417326,0.0
13.363092,26.239753,0.0
13.363092,22.625845,0.0
5.755952,11.180875,0.0
5.755952,8.630876,0.0
3.742087,12.260862,0.0
3.742087,8.789735,1.0
6.014651,11.696618,0.0
6.014651,8.087061,0.0
17.739866,37.576077,0.0
17.739866,30.786323,0.0
9.217663,16.824112,0.0
9.217663,12.460798,0.0
4.508303,8.36409,0.0
4.508303,5.224436,0.0
6.428772,12.80078,0.0
6.428772,9.489586,0.0
0.055419,0.533373,0.0
0.055419,-7.174525,0.0
15.116166,22.157454,1.0
15.116166,19.718004,0.0
4.513549,9.813792,0.0
4.513549,3.255572,0.0
11.958421,23.779775,0.0
11.958421,19.043675,0.0
0.502191,1.640849,0.0
0.502191,-4.570106,0.0
16.689969,34.958,0.0
16.689969,28.584742,0.0
3.748895,11.466896,0.0
3.748895,6.167434,1.0
0.095368,0.50706,0.0
0.095368,-3.406566,0.0
6.023756,14.032281,0.0
6.023756,9.486751,0.0
18.409742,36.174447,0.0
18.409742,31.927946,0.0
5.252284,10.817845,0.0
5.252284,5.825978,0.0
10.069577,21.731523,0.0
10.069577,14.907857,0.0
8.144597,15.316011,0.0
8.144597,12.983706,0.0
5.884985,10.62223,0.0
5.884985,6.575684,0.0
18.547072,35.609643,0.0
18.547072,32.996996,0.0
15.779898,22.593708,1.0
15.779898,18.688605,0.0
15.238266,22.436876,1.0
15.238266,18.088701,0.0
10.522142,18.922335,1.0
10.522142,17.352827,0.0
16.497233,31.158046,0.0
16.497233,29.675704,0.0
9.168573,14.795133,1.0
9.168573,10.990067,0.0
9.303791,16.372186,1.0
9.303791,11.522326,0.0
9.875481,18.950383,0.0
9.875481,12.973146,0.0
4.738205,9.443237,0.0
4.738205,4.715703,0.0
18.473037,36.404709,0.0
18.473037,33.510438,0.0
5.175013,10.282612,0.0
5.175013,5.746581,0.0
3.96319,14.18239,0.0
3.96319,7.053806,1.0
4.875036,9.962437,0.0
4.875036,3.355712,0.0
16.347042,32.882493,0.0
16.347042,28.303,0.0
15.370913,23.026565,1.0
15.370913,19.181342,0.0
8.542136,15.5547,0.0
8.542136,13.968909,0.0
0.275638,-1.818961,1.0
0.275638,-2.737496,0.0
19.514701,36.99733,0.0
19.514701,34.37503,0.0
2.65062,10.521489,0.0
2.65062,4.49803,1.0
17.028454,33.692122,0.0
17.028454,31.384455,0.0
15.634462,22.636161,1.0
15.634462,16.646118,0.0
18.761516,37.300477,0.0
18.761516,34.726009,0.0
15.467971,23.116522,1.0
15.467971,19.06956,0.0
6.627432,14.151975,0.0
6.627432,8.279251,0.0
4.638281,8.046073,0.0
4.638281,5.809621,0.0
7.553816,15.233005,0.0
7.553816,10.298713,0.0
4.061743,8.930873,0.0
4.061743,5.304348,0.0
14.391495,19.717644,1.0
14.391495,18.545627,0.0
16.530373,31.05163,0.0
16.530373,30.757712,1.0
12.928778,26.100721,0.0
12.928778,21.706462,0.0
3.721855,11.593174,0.0
3.721855,6.571327,1.0
0.747694,4.103176,0.0
0.747694,-3.36536,0.0
11.608025,23.162829,0.0
11.608025,18.163713,0.0
9.253462,16.492224,0.0
9.253462,11.860655,0.0
3.994079,11.471428,0.0
3.994079,5.778959,0.0
7.361678,15.930673,0.0
7.361678,11.132257,0.0
10.829325,21.769439,0.0
10.829325,18.256902,0.0
12.658342,27.010157,0.0
12.658342,21.113264,0.0
9.532876,17.523054,0.0
9.532876,12.213788,0.0
19.427856,39.922831,0.0
19.427856,34.877553,0.0
0.924528,1.721482,0.0
0.924528,-2.755051,0.0
13.164158,26.516362,0.0
13.164158,22.010097,0.0
18.191158,35.929055,0.0
18.191158,32.959901,0.0
4.731284,8.842478,0.0
4.731284,6.077234,0.0
4.274144,6.622935,1.0
4.274144,3.253215,0.0
15.244656,21.063846,1.0
15.244656,19.441507,0.0
9.727476,17.722945,0.0
9.727476,12.836398,0.0
19.84355,39.324485,0.0
19.84355,34.476509,0.0
11.782472,22.580868,0.0
11.782472,16.937725,0.0
18.468839,38.302676,0.0
18.468839,31.562973,0.0
0.24421,1.355373,0.0
0.24421,-3.48596,0.0
3.090792,9.752639,0.0
3.090792,5.473553,1.0
13.688381,28.348544,0.0
13.688381,21.531534,0.0
8.329327,15.515203,0.0
8.329327,13.669323,0.0
16.719291,35.486235,0.0
16.719291,31.068671,1.0
8.577962,17.163729,0.0
8.577962,12.994873,0.0
14.259934,21.266628,1.0
14.259934,16.887829,0.0
11.3232,23.185996,0.0
11.3232,20.003769,0.0
2.398071,8.104347,0.0
2.398071,4.291599,1.0
14.359024,21.802112,1.0
14.359024,16.014763,0.0
14.127436,20.884246,1.0
14.127436,16.875443,0.0
2.314363,7.872667,0.0
2.314363,4.528491,1.0
11.238229,22.715286,0.0
11.238229,18.072879,0.0
6.713,12.222726,0.0
6.713,9.043353,0.0
9.176996,16.045766,1.0
9.176996,12.482104,0.0
8.455174,15.372434,0.0
8.455174,14.003724,0.0
2.095488,7.570715,0.0
2.095488,4.662682,1.0
3.16046,10.10608,0.0
3.16046,7.587162,1.0
1.736172,4.554323,0.0
1.736172,0.649171,0.0
3.84894,11.526875,0.0
3.84894,7.911477,1.0
17.048888,33.287485,0.0
17.048888,29.630817,0.0
0.490453,0.975193,0.0
0.490453,-3.718032,0.0
8.632345,16.101754,0.0
8.632345,13.726468,0.0
16.018728,31.390399,0.0
16.018728,28.979975,0.0
2.005164,9.582614,0.0
2.005164,4.427948,1.0
4.554272,9.238748,0.0
4.554272,5.672223,0.0
14.548794,20.293338,1.0
14.548794,16.333151,0.0
12.951049,25.799662,0.0
12.951049,21.042875,0.0
11.260477,21.853367,0.0
11.260477,16.252412,0.0
3.432816,10.159964,0.0
3.432816,8.521485,1.0
15.89062,23.561139,1.0
15.89062,18.786992,0.0
2.828282,9.205919,0.0
2.828282,6.000363,1.0
2.695958,9.532764,0.0
2.695958,6.619396,1.0
15.900701,25.382753,1.0
15.900701,19.870757,0.0
7.384467,14.471872,0.0
7.384467,9.198047,0.0
6.252342,12.153432,0.0
6.252342,6.702601,0.0
5.573441,12.019427,0.0
5.573441,8.432972,0.0
6.499442,13.820102,0.0
6.499442,8.05809,0.0
6.811752,14.220782,0.0
6.811752,9.915411,0.0
13.927354,27.894351,0.0
13.927354,24.788432,0.0
4.805244,8.483985,0.0
4.805244,6.926958,0.0
6.506529,13.695481,0.0
6.506529,9.34574,0.0
15.52423,22.77657,1.0
15.52423,19.560541,0.0
18.263011,36.690063,0.0
18.263011,32.576917,0.0
12.256719,24.040112,0.0
12.256719,20.682149,0.0
2.102365,8.656503,0.0
2.102365,3.759895,1.0
10.831693,21.39231,0.0
10.831693,17.131892,0.0
12.555577,24.539993,0.0
12.555577,20.955735,0.0
6.281054,11.145497,0.0
6.281054,8.130228,0.0
16.560007,32.063072,0.0
16.560007,29.216258,0.0
15.641576,25.049805,1.0
15.641576,19.842002,0.0
11.506134,25.120047,0.0
11.506134,19.032637,0.0
2.900312,8.7781,0.0
2.900312,6.68777,1.0
13.947629,27.783162,0.0
13.947629,23.642394,0.0
17.906973,35.876847,0.0
17.906973,33.083077,0.0
5.002022,9.564734,0.0
5.002022,4.976168,0.0
19.173718,40.182454,0.0
19.173718,34.464157,0.0
15.426048,23.412032,1.0
15.426048,17.502297,0.0
6.006431,11.392918,0.0
6.006431,7.210662,0.0
12.336422,23.425928,0.0
12.336422,19.708277,0.0
6.156959,12.40907,0.0
6.156959,8.779096,0.0
1.989358,4.045123,0.0
1.989358,-0.34671,0.0
16.482973,31.59373,0.0
16.482973,28.181769,0.0
13.316141,27.307328,0.0
13.316141,22.725655,0.0
12.280013,24.616683,0.0
12.280013,20.511801,0.0
2.843458,11.01011,0.0
2.843458,5.292503,1.0
7.547542,14.862595,0.0
7.547542,9.876944,0.0
17.532722,35.580488,0.0
17.532722,31.757905,0.0
3.266089,9.880187,0.0
3.266089,6.685315,1.0
0.958058,1.930163,0.0
0.958058,-1.448411,0.0
3.82303,12.859004,0.0
3.82303,8.980116,1.0
5.0036,11.418095,0.0
5.0036,4.766838,0.0
15.67285,23.432229,1.0
15.67285,19.613043,0.0
12.962829,28.471008,0.0
12.962829,20.704246,0.0
0.346855,0.607947,0.0
0.346855,-3.593485,0.0
0.345793,1.978415,0.0
0.345793,-3.203069,0.0
11.337929,22.923518,0.0
11.337929,17.274513,0.0
12.665849,24.999673,0.0
12.665849,20.021529,0.0
2.508438,10.861056,0.0
2.508438,5.250774,1.0
12.209243,24.705572,0.0
12.209243,20.506301,0.0
4.807038,9.344836,0.0
4.807038,6.522511,0.0
6.734427,13.286635,0.0
6.734427,7.604703,0.0
8.176632,16.680464,0.0
8.176632,12.916387,0.0
2.323896,8.641455,0.0
2.323896,5.127527,1.0
19.261872,38.588116,0.0
19.261872,35.977828,1.0
19.475289,38.782232,0.0
19.475289,34.91016,0.0
8.900034,16.838343,0.0
8.900034,13.979178,0.0
